1  .1     21.823    21.823    21.823      EPS       
1  .2     21.823    21.823    21.823      EPS       
1  .3     21.823    21.823    21.823      EPS       
1  .4     21.823    21.823    21.823      EPS       
1  .5     21.823    21.823    21.823      EPS       
1  .6     21.823    21.823    21.823      EPS       
1  .7     21.823    21.823    21.823      EPS       
1  .8     21.823    21.823    21.823    -0.121      
1  .9       .       18.143     +INF       .         
1  .10      .       20.320     +INF       .         
1  .11      .       24.000     +INF       .         
1  .12      .       24.000     +INF       .         
1  .13      .       20.702     +INF       .         
1  .14      .       17.022     +INF       .         
1  .15      .       17.022     +INF       .         
1  .16      .       20.320     +INF       .         
1  .17      .       24.000     +INF       .         
1  .18      .       24.000     +INF       .         
1  .19    21.923    21.923     +INF 21.923     0.123      
1  .20    21.923    21.923    21.923      EPS       
1  .21    21.923    21.923    21.923      EPS       
1  .22    21.923    21.923    21.923      EPS       
1  .23    21.923    21.923    21.923      EPS       
1  .24    21.923    21.923    21.923      EPS       
2  .1     10.600    10.600    10.600      EPS       
2  .2     10.600    10.600    10.600      EPS       
2  .3     10.600    10.600    10.600      EPS       
2  .4     10.600    10.600    10.600      EPS       
2  .5     10.600    10.600    10.600      EPS       
2  .6     10.600    10.600    10.600      EPS       
2  .7     10.600    10.600    10.600      EPS       
2  .8     10.600    10.600    10.600      EPS       
2  .9     10.600    10.600    10.600    -0.121      
2  .10      .       11.720     +INF       .         
2  .11      .       15.400     +INF       .         
2  .12      .       15.400     +INF       .         
2  .13      .       14.380     +INF       .         
2  .14      .       10.700     +INF       .         
2  .15      .        7.020     +INF       .         
2  .16    10.700    10.700     +INF 10.700     0.121      
2  .17    10.700    10.700    10.700      EPS       
2  .18    10.700    10.700    10.700      EPS       
2  .19    10.700    10.700    10.700      EPS       
2  .20    10.700    10.700    10.700      EPS       
2  .21    10.700    10.700    10.700      EPS       
2  .22    10.700    10.700    10.700      EPS       
2  .23    10.700    10.700    10.700      EPS       
2  .24    10.700    10.700    10.700      EPS       
3  .1     22.325    22.325    22.325      EPS       
3  .2     22.325    22.325    22.325      EPS       
3  .3     22.325    22.325    22.325      EPS       
3  .4     22.325    22.325    22.325      EPS       
3  .5     22.325    22.325    22.325      EPS       
3  .6     22.325    22.325    22.325      EPS       
3  .7     22.325    22.325    22.325      EPS       
3  .8     22.325    22.325    22.325      EPS       
3  .9     22.325    22.325    22.325    -0.121      
3  .10      .       20.320     +INF       .         
3  .11      .       24.000     +INF       .         
3  .12      .       24.000     +INF       .         
3  .13      .       21.205     +INF       .         
3  .14      .       17.525     +INF       .         
3  .15      .       17.525     +INF       .         
3  .16      .       20.320     +INF       .         
3  .17      .       24.000     +INF       .         
3  .18      .       24.000     +INF       .         
3  .19    22.425    22.425     +INF 22.425     0.123      
3  .20    22.425    22.425    22.425      EPS       
3  .21    22.425    22.425    22.425      EPS       
3  .22    22.425    22.425    22.425      EPS       
3  .23    22.425    22.425    22.425      EPS       
3  .24    22.425    22.425    22.425      EPS       
4  .1     19.812    19.812    19.812      EPS       
4  .2     19.812    19.812    19.812      EPS       
4  .3     19.812    19.812    19.812      EPS       
4  .4     19.812    19.812    19.812      EPS       
4  .5     19.812    19.812    19.812      EPS       
4  .6     19.812    19.812    19.812      EPS       
4  .7     19.812    19.812    19.812      EPS       
4  .8     19.812    19.812    19.812      EPS       
4  .9     19.812    19.812    19.812    -0.121      
4  .10      .       23.492     +INF       .         
4  .11      .       24.000     +INF       .         
4  .12      .       24.000     +INF       .         
4  .13      .       22.372     +INF       .         
4  .14      .       18.692     +INF       .         
4  .15      .       15.012     +INF       .         
4  .16      .       16.233     +INF       .         
4  .17    19.913    19.913     +INF 19.913     0.121      
4  .18    19.913    19.913    19.913      EPS       
4  .19    19.913    19.913    19.913      EPS       
4  .20    19.913    19.913    19.913      EPS       
4  .21    19.913    19.913    19.913      EPS       
4  .22    19.913    19.913    19.913      EPS       
4  .23    19.913    19.913    19.913      EPS       
4  .24    19.913    19.913    19.913      EPS       
5  .1     15.625    15.625    15.625      EPS       
5  .2     15.625    15.625    15.625      EPS       
5  .3     15.625    15.625    15.625      EPS       
5  .4     15.625    15.625    15.625      EPS       
5  .5     15.625    15.625    15.625      EPS       
5  .6     15.625    15.625    15.625    -0.121      
5  .7       .       11.945     +INF       .         
5  .8       .       13.065     +INF       .         
5  .9       .       16.745     +INF       .         
5  .10      .       20.425     +INF       .         
5  .11      .       20.425     +INF       .         
5  .12      .       20.425     +INF       .         
5  .13      .       20.425     +INF       .         
5  .14      .       16.745     +INF       .         
5  .15    15.725    15.725     +INF 15.725     0.121      
5  .16    15.725    15.725    15.725      EPS       
5  .17    15.725    15.725    15.725      EPS       
5  .18    15.725    15.725    15.725      EPS       
5  .19    15.725    15.725    15.725      EPS       
5  .20    15.725    15.725    15.725      EPS       
5  .21    15.725    15.725    15.725      EPS       
5  .22    15.725    15.725    15.725      EPS       
5  .23    15.725    15.725    15.725      EPS       
5  .24    15.725    15.725    15.725      EPS       
6  .1     21.823    21.823    21.823      EPS       
6  .2     21.823    21.823    21.823      EPS       
6  .3     21.823    21.823    21.823      EPS       
6  .4     21.823    21.823    21.823      EPS       
6  .5     21.823    21.823    21.823      EPS       
6  .6     21.823    21.823    21.823      EPS       
6  .7     21.823    21.823    21.823      EPS       
6  .8     21.823    21.823    21.823      EPS       
6  .9     21.823    21.823    21.823      EPS       
6  .10    21.823    21.823    21.823      EPS       
6  .11    21.823    21.823    21.823      EPS       
6  .12    21.823    21.823    21.823      EPS       
6  .13    21.823    21.823    21.823      EPS       
6  .14    21.823    21.823    21.823      EPS       
6  .15    21.823    21.823    21.823    -0.121      
6  .16      .       20.320     +INF       .         
6  .17      .       24.000     +INF       .         
6  .18      .       24.000     +INF       .         
6  .19      .       24.000     +INF       .         
6  .20      .       24.000     +INF       .         
6  .21    21.923    21.923     +INF 21.923     0.136      
6  .22    21.923    21.923    21.923      EPS       
6  .23    21.923    21.923    21.923      EPS       
6  .24    21.923    21.923    21.923      EPS       