1  .8     21.823    21.823    21.823    -0.127      
1  .9     21.823    21.823    21.823     0.001      
1  .10    21.823    21.823    21.823 2.0000E-4      
1  .11    21.823    21.823    21.823 2.9000E-4      
1  .12    21.823    21.823    21.823 -4.800E-4      
1  .13    21.823    21.823    21.823 -4.000E-4      
1  .14    21.823    21.823    21.823     0.001      
1  .15    21.823    21.823    21.823     0.003      
1  .16    21.823    21.823    21.823 9.2000E-4      
1  .17    21.823    21.823    21.823    -0.002      
1  .18    21.823    21.823    21.823    -0.001      
1  .19    21.823    21.823    21.823     0.123      
2  .9     10.600    10.600    10.600    -0.125      
2  .10    14.280    14.280    14.280 2.0000E-4      
2  .11    17.960    17.960    17.960 2.9000E-4      
2  .12    18.000    18.000    18.000 -4.800E-4      
2  .13    18.000    18.000    18.000 -4.000E-4      
2  .14    18.000    18.000    18.000     0.001      
2  .15    18.000    18.000    18.000     0.003      
2  .16    18.000    18.000    18.000     0.121      
3  .9     22.325    22.325    22.325    -0.125      
3  .10    22.325    22.325    22.325 2.0000E-4      
3  .11    22.325    22.325    22.325 2.9000E-4      
3  .12    22.325    22.325    22.325 -4.800E-4      
3  .13    22.325    22.325    22.325 -4.000E-4      
3  .14    22.325    22.325    22.325     0.001      
3  .15    22.325    22.325    22.325     0.003      
3  .16    22.325    22.325    22.325 9.2000E-4      
3  .17    22.325    22.325    22.325    -0.002      
3  .18    22.325    22.325    22.325    -0.001      
3  .19    22.325    22.325    22.325     0.123      
4  .9     19.812    19.812    19.812    -0.125      
4  .10    19.812    19.812    19.812 2.0000E-4      
4  .11    19.812    19.812    19.812 2.9000E-4      
4  .12    19.812    19.812    19.812 -4.800E-4      
4  .13    19.812    19.812    19.812 -4.000E-4      
4  .14    19.812    19.812    19.812     0.001      
4  .15    19.812    19.812    19.812     0.003      
4  .16    19.812    19.812    19.812 9.2000E-4      
4  .17    19.812    19.812    19.812     0.120      
5  .6     15.625    15.625    15.625    -0.124      
5  .7     18.000    18.000    18.000    -0.004      
5  .8     18.000    18.000    18.000     0.001      
5  .9     18.000    18.000    18.000     0.001      
5  .10    18.000    18.000    18.000 2.0000E-4      
5  .11    18.000    18.000    18.000 2.9000E-4      
5  .12    18.000    18.000    18.000 -4.800E-4      
5  .13    18.000    18.000    18.000 -4.000E-4      
5  .14    18.000    18.000    18.000     0.001      
5  .15    18.000    18.000    18.000     0.124      
6  .15    21.823    21.823    21.823    -0.121      
6  .16    21.823    21.823    21.823 9.2000E-4      
6  .17    21.823    21.823    21.823    -0.002      
6  .18    21.823    21.823    21.823    -0.001      
6  .19    21.823    21.823    21.823    -0.006      
6  .20    21.823    21.823    21.823    -0.006      
6  .21    21.823    21.823    21.823     0.136